50
4289474 34 218969 3136789
3869884 7
1457124 17
5 2934835
2 21
2569015 2587882
6 18
1150470 400723
34 2055980
44619 741079
1929884 1439516
18 14
1164221 356145
163613 28
26 36
4026036 17
6 9
1241542 15
11 7
15 1076853
400467 33
5 1107774
30 30
29 2473025
7 19
217379 33
408568 1086519
3044133 6
849719 11
2219098 34
25 3107998
431940 3601142
2435712 1198873
1556526 5
9 54823
51537 40 42776 46745
5409 8
11 14
19 10
27 48858
6581 33
6333 6065
10 29
8226 45937
12989 35702
12 14483
45321 6
31 4685
46709 38
15829 34
35 11819
7899 35
24 23
44179 23986
29 13
35 20
21 13500
22 9390
35 33550
50636 21
24 6685
9 32
40811 35249
51127 5
32 26
26 31
24 7
10 26
30 830
2 35610
5918 16851
24 36252
31724 43999
1438 35
32 15
5 7
9755990 4 8057795 2860356
3771499 8475273
3 5863510
31 27
12 8379853
10575375 72 754319 2042224
2484030 3442562
18 220729
8304276 33
25 19
17 34
33 15
7297636 14
3 33
31 30
2133832 7275962
21 34
1039395 2647902
31 17
2086760 7944581
2443568 38
7958880 9
28 21
12 33
10 23
9 33
5123499 8043584
701274 29
744247 19
27 37
3670241 5066159
3984873 385643
16 36
3862689 10452730
21 26
35 17
24 7
23 7840169
9757878 8
27 3659914
2319777 3893010
5372943 3910753
25 6764590
7184180 2599211
7281026 31
1684915 1223114
1 3352270
5241641 5
8711695 17
2129668 32
3988137 1659685
1 22
5758360 31
23 13
1164609 21
22 14
13 14
26 7066346
9718831 2872094
1044503 11
16 25
15 19
8973900 1168392
24 9321764
27 39
8 5
874488 842435
3028144 6674284
5633334 10457763
7655984 7298479
7966190 10505230
35 18
4437889 23
6750557 3240859
20 7496465
6226364 29
1317473 1197713
6 6
2205098 78 1384879 454611
7 479444
631894 1891009
21 25
1958533 12
1000288 24
11 31
18 14
286024 9
34 2002908
1485439 1398154
1337293 20
31 1323212
32 1573271
1015042 1140685
1216745 1601789
1235723 27
1973873 1916693
9 33
1796433 28
751742 30
20 17
28 35
365698 1351008
1180841 1759132
19 562337
938984 33
30 82096
773224 67608
12 1026127
9 314705
613096 2190543
428475 820256
2 91907
26 33
1860493 16
2078322 19
18 5
1185773 25
1153896 20
335303 470075
25767 15
20 38
17 18
1093037 28
484583 1030321
28 15
149624 1233732
2140415 470745
342492 414280
817908 6
1142851 23
19 1403461
31 6
146090 30
15 1062442
24 2154864
937759 24
3 1905842
1736964 17
2094466 34
15 6
91022 6
1289528 13
17 2080204
21 12
2 1339469
2 35
1556965 82768
33 216591
18 633986
33 1239565
568087 36
568731 1477617
29 21
31 20
15 1664973
6 33
437037 6
9804405 43 1999093 7890635
9313361 523944
33 8015441
2086678 3336727
6062177 9271480
29 7980864
31 1512733
2 6035618
1663563 1575090
2120822 27
2924951 8
1 25
4 38
29 12
4692368 10
16 8692919
28 31
2562635 7546835
2743755 9542353
2 32
5032937 30
13 2696533
14 2613397
6732775 38
1965513 7241388
6331919 9377826
3518907 21
8 5884532
4615658 3829389
6125658 21
8 9
15 5
7265642 8
2896817 36
1 2156795
8700100 21
7704685 8016131
2 1077931
345705 8861564
21 25
7569534 4480089
8851821 6758714
22 8
6833477 9424274
185764 83 100645 102841
72871 184603
20 58169
25 9608
153961 17883
52957 168220
32696 16
168748 36
111381 34
34 4447
8 16
50862 100073
165174 25
36710 28
698 29
29 178857
175559 114860
31 14
130113 33791
6 38
96393 23
18 150700
31 97771
147828 5
118764 121616
19 117116
34 16
129345 87947
2491 121268
16060 24
17828 99913
16 25
30880 31
121567 104244
28 135648
105175 9
15 171740
9 34
38209 16924
5 147512
32374 184891
170943 11143
159871 29929
17 83330
64049 31
26 120288
3413 27
11 17
47828 168579
120079 24
32 69849
7341 84633
2 9
125982 36333
174569 5666
102858 23
39958 131883
44628 16648
143925 31
16 170845
163934 19603
8 31
34 115487
158843 38
100058 34
100164 15
172599 157780
3 21
24 20
133633 77129
20 30
23 115993
20 63408
137594 83519
25 14
16 42323
11586 154649
28 31
52863 185608
54879 161778
115519 15
22 88161
15 30
31796 141153
1389935 51 403594 34298
627340 34771
1308770 124527
21 1109902
744823 31
327000 8249
28 9
599292 1059164
1150335 1064924
15 25
32 37
152209 1213006
857390 36
1 8
791912 1297939
1028793 11
20 1176931
1170488 18
648842 566424
467170 274072
14 1084940
18 1320499
1033996 392595
805733 27
20 496514
607510 34
1262021 633392
27 11
145115 34
11 204004
32 901449
16 36
662299 13
404187 1136223
1 26
31 24
17 33
4 37
30 1323241
25 25
12 37
1308257 11
1093963 559002
32 13
1378881 1087919
9 452709
8 16
813712 1081976
754888 17
26 43559
426936 23
874830 24
14571574 2 1094666 3950297
14240698 4710358
22 8528674
492544 22 14375 29846
15 32
2 11
151060 101741
118944 49597
17 353579
5 54949
123450 27
1 204627
179077 294002
380699 7
80734 126231
24 398672
96495 230297
188501 5
123973 385048
17 12
349496 23
126115 293247
19 414717
110953 405856
18 39868
445236 22
4251864 2 922198 2453572
12 430174
1163168 38
8794146 25 5007735 937563
30 10
15 5197806
7 39
6271757 6660656
2 4970329
1497413 25
4062287 26
2535552 15
3 32
33 2736379
8056105 5571633
31 31
4 8681814
22 39
1288873 11
14 36
2704701 26
1228141 2446863
4 4311789
2662492 5269472
12 23
7206172 32
4514399 6
7590374 6260308
4706713 24
16135025 41 14430510 9894517
13 18
359019 30
11499986 35
16 32
4749034 2905420
16 5238989
11 28
18 27
1 34
24 37
10286260 22
10473758 6911728
29 21
11 10860527
32 5424455
18 12
160864 32
8493171 11768220
9391340 27
9432720 5
16106260 6044225
25 36
33 38
9 10600247
12457170 15
3 5934398
35 8933240
23 35
7724162 28
7486028 26
10516537 18
3 39
2630567 9
13 36
18 7595967
21 9072113
30 11027413
25 12
2611700 36
19 21
3737343 22
6071210 12 3819454 2523949
548564 4497912
4348921 27
4 767437
27 9
22 17
5333813 2782873
4149554 1004371
4586946 16
5083248 1040683
5 3657569
3554594 28
21 14
18374794 88 704316 9783426
1485488 20
5 30
13929815 3724287
8 8
20 13
15 3623424
6079724 4796007
20 25
14849869 8119929
3204756 7700677
32 30
16300885 32
12 5072345
35 8439566
8174498 7043638
14174710 20
2490868 11
16058421 6822650
14990465 4812337
7 15
11855324 14877688
15129683 13423511
4537737 17
22 13354686
13 27
10417763 29
24 6309693
22 15560836
17 29
8 15789453
14 5
6 15937267
12440685 17893341
3 16251585
4 13
11857746 9843178
14027938 5
2060914 35
15291397 4880536
6 9681900
5 5661621
7957405 13
6 15334188
2 11
8410111 35
7 3804622
10 5
11128164 18172710
15097152 19
11365197 8343125
4324561 11392141
31 15
3 6
21 7237083
12 10947512
6 39
197419 6016214
14429103 1004867
10 25
3 35
27 8677229
8936856 13089928
9 14
7 38
2046651 887517
33 847078
25 1075830
22 37
4957894 4238590
16 32
3 18
34 11
31 15
6590696 28
29 1920375
12036800 8695383
28 14881898
26 35
6058373 29
33 16
15 14
3033281 24
4525980 38
20 17549927
3224803 15679846
17 4335970
6383607 26
1362000 15111688
1479048 61 339725 87641
623302 678305
7 1141889
1220851 277191
8 7
2 25
1380184 988147
5 17
848820 37
1217702 262030
1289595 15
32 29
1015207 449244
33 613114
1463273 33
631307 31
689620 88199
27 26
9 651047
982521 36
23 17
5 31
706365 21
2 1432796
103015 24
23 728673
27 16
883313 1211106
10 7
18 989683
25 18
18 421372
941976 699934
645710 1086662
1 6
13 31
389149 399593
35 13
15 32
28 930356
534604 64350
5 28
11 1248855
123832 37
23 38
4 304211
944484 32
279918 18
22 33
32 36
292588 22
295787 1023448
14 1257855
29 17
6 14
206781 7
2 27
928118 21
17 252124
27 38
718395 26
14 9
6735766 40 883324 6644380
3297753 25
3445771 6473501
454486 14
1718128 4895622
2596051 18
14 11
2046380 1097840
4315024 1128459
6276984 5486537
7 17
1363046 4433707
23 23
2904905 2591462
20 1423566
21 238635
3527859 8
35 1771711
20 1897655
6356536 14
13 3095946
13 35
24 32
23 36
2 23
3144953 34
10 3982026
16 37
33 3332372
12 35
5530823 6250610
13 38
7 7
1557789 719612
1012201 37
22 19
5 10
4184793 2870257
1 597259
21 20
441731 13
14644758 55 366495 12677800
3032310 13
11113913 403515
15 7194569
3306855 37
9368585 9
31 5834290
9787260 5363626
14 11111189
1984024 31
14 11
23 12
28 8
4538667 12
2333612 25
13348590 7874622
8273136 5613011
23 7
18 2168119
7 2905871
29 6227168
17 22
10543995 8130897
14579344 7863491
5 14
35 7968744
11 8662137
5367260 1925367
6625419 12106046
24 10956616
18 10040341
11099291 16
7386594 28
23 8336733
13006985 7
519936 27
35 12
24 6762989
13497575 30
12 38
35 23
530974 24
12044823 13214242
6 5065355
8317976 8
14 30
11015253 6378546
4387136 6485970
20 7395986
3 6
11 2259171
1 37
14 6540203
3794916 18
33 3196124
11898304 2470450
6374896 51 3286168 201949
11 6079563
1774527 30
11 10
12 1501036
1899852 5505380
724041 9
5545562 1745043
23 1369685
5 24
14 5425705
21 1910713
2563505 1129439
918367 3857245
21 23
1037838 5
2400606 269092
2239216 39
1592391 4564720
2140237 727973
5 26
35 16
2259136 22
4 5437158
4587155 12
824094 16419
5297788 3266961
19385 1960885
17 31
4646865 30
1880452 14
1559800 5426962
4790603 1079835
5862282 16
2 6
4255888 1616472
4093996 4091043
33 32
34 2543193
3716122 4445707
5800975 9
2815809 39
5857775 1059411
14 3666118
6 4310623
6358604 2085521
2514882 26
2 10
330373 5419816
2 19
2965914 1997144
32 26
8642265 22 4205285 3687585
9 2505530
8 3211022
33 5586863
3997915 5369671
6591216 15
3335616 28
212632 71765
17 4141777
1 30
31 2266442
6655208 10
4404989 39
2162705 35
35 3162411
2753465 2742835
7231934 4292557
5128060 12
271286 6871300
6460247 18
2353464 4815318
2513656 31
28 17
2853749 66 1676740 1834975
34 22
27 19
2 15
2007660 21
1559475 815626
1436980 5
285072 23
7 1367995
27 1999599
5 33
7 7
189596 2138377
405386 25
14 87061
2233906 728810
24 290925
13 14792
851872 16
1027760 28
33 38
2619096 24
17 22
26 1286190
1698987 22
938837 352891
33 35
11 36
2218333 1438253
25 1160503
890531 1179760
18 918143
1114263 2201246
245539 24
10 39
1247817 9
1247895 12
4 580881
3 618030
1297789 218257
2767766 30
655489 20
13 18
2102971 26
1935860 7
572406 22
18 1706622
33 12
26231 15
32 5
2775686 1762861
2548546 31
1 6
17 587450
17 22
17 18
1 25
28 22
23 389658
372397 16
11 34
2797610 310818
29 927118
35 28
458469 13
18 1584182
17 6
9676759 17 3030153 8708906
2 21
3967931 38
7 28
4733980 4028327
22 8582743
16 37
3051647 38
24 30
8336683 28
4646247 8513102
7812457 8
8199629 3246301
23 6723529
5348369 5752690
25 9668101
33 31
6024637 4872981
13195439 84 7243562 1630253
7 4866329
4 6170522
5603418 23
2411963 20
30 22
1 32
1548500 13083264
1785341 10144595
8374538 9003048
10 1589956
12 3194032
8124325 12
6200000 26
7763274 8498577
11591755 7654302
15 5142814
28 16
22 38
26 9725255
646711 9801259
22 7517673
8 12
11207211 12938749
4012481 14
20 24
10687950 20
6862341 4284775
25 15
26 8983523
5049182 7
3223981 25
22 37
2925936 28
11 8753910
7136486 31
4106747 508092
8482986 8124498
6856950 7
5428388 10867770
13145826 6
11869594 17
8260067 32
8815209 25
10638051 5407567
2736685 19
16 29504
29 5235759
6888622 8105127
10747516 7859074
1 1563634
2005324 29
3817835 12119350
9 6325623
12065725 7
7429869 7
21 10058736
5 39
2344256 12760452
4069294 16
3864558 21
4830948 8
7477335 7849937
28 6207724
6 9691762
19 7
1570808 8037603
9528605 7
8106920 6175748
3 7
6380674 8
17 33
16 24
1063097 10223883
12966633 38
17 16
21 39
34 30
7239659 19
15 6919951
21 8210215
1161616 9514296
3855082 7155896
3968520 11
33 12541341
7416791 17 554334 6048247
5 15
6 7
1080217 25
25 38
1437898 12
4262180 6529520
505097 3234097
4107983 31
29 5281132
33 3176821
4808472 2623091
21 32
14 37
2770567 6001519
4577 5675426
3039069 9
17 33
10199192 54 6555366 7878409
6308526 5548898
11 6727820
10 8705510
4894945 381767
2039220 7692752
33 31
31 345205
27 2249712
1809481 428246
12 7
9104692 8688811
16 4792606
5575917 37
31 37
370304 28
524885 3523661
32 7751999
25 21
4196528 21
30 9600780
7371100 2522175
13 34
3739496 8580045
1861109 25
26 33
25 8
1 3988243
2981019 2382399
9956926 19
5036142 8
3 7386688
10 30
1176997 5933356
2095186 4505522
9417457 7257941
12 33
3238256 1583165
28 5743377
7290603 1657514
10155510 7522752
10 18
9124960 26
3015206 13
9325946 8472676
34 4986077
8 15
7 10
1 7989163
14 9080342
9486510 32
23 22
9809034 8338704
1809867 3239188
8201712 29
6410031 74 2701610 2285722
15 6135329
35 2434149
30 6299914
1 5892757
15 4021082
13 524022
31 1595906
2 2752008
6356181 26
34 28
5502913 1310724
3124327 4977917
18 5090446
32 29
3753619 3718238
6 12
2290993 14
34 15
328923 962372
32 31
34 4021272
32 3831330
1628186 4828142
953225 31
3221286 21
24 17
2452705 23
12 38
13 840818
4641831 34
5565158 29
25 3352567
3641252 175584
281051 30
1234222 35
1516972 4188444
1409221 5570572
13 34
30 23
4300926 25
29 3081819
3889778 601256
4099921 427320
6005834 4572193
3111730 38
27 1823263
14 3155046
23 2932929
3901553 5246432
2350288 13
11 5533806
4891822 35
895405 19
11 4537444
33 5681035
7 18
12 329137
35 3829323
25 1735735
115770 27
13 14
22 5
3 1802630
2205321 4436560
2852530 11
4943571 990591
12 22
4685862 2152833
31 25
2992021 1780323
5190201 5979852
3102421 4506404
30 14
3849015 34
18069013 19 3900296 15359001
5 6584635
17266924 33
4 12
3145770 26
11 34
13415442 33
5 271569
23 34
17 8
32 1602487
26 32
10402675 14045262
2673700 16728094
13 9
34 17137167
9 6
32 7651460
12690947 10121767
7341475 10382555
14990609 86 1859544 1487699
30 10180998
10779196 14822070
3386264 20
3854381 32
7032749 23
3488006 7
11 36
408575 1406906
1245612 3705020
5 35
5514498 7
17 6
19 6
3726708 9523688
13511263 11
6 9
31 2247323
5 8879911
6501741 6882527
21 29
14180057 3195750
6 11909280
7557139 38
874209 27
1 1345438
3476287 4382505
752854 11835033
25 5877169
35 21
6 26
5826260 5
3206014 4782094
5470533 1985207
32 11271723
21 9892530
13032149 35
11 14
78750 4542345
14843040 23
9258193 2001356
12035417 29
25 11370611
33 14523316
7051620 5052931
5445739 35
26 3776375
4420972 36
14636616 5764158
16 25
282333 19
35 1528892
6606025 23
4505842 6096568
26 27
14775109 9092662
30 7285368
28 31
12047047 5002792
11662829 6
4 7676884
10894803 1326120
1002661 11
17 11381714
6259699 7304465
28 8386705
2618252 12282362
25 13732762
1330795 5050931
8712804 15
5 10502624
2 4080193
22 14345088
29 11461700
24 39
6 21
21 29
11 38
30 6841451
2645857 39
14653178 17
6327385 11
22 11742773
10320608 11
9655953 12953959
21 21
25 9845332
3090180 58 647584 2831209
2189694 6
28 13
14 159382
1591334 24
1391560 38
14 1305573
10 1416622
1002843 11
1823982 2157858
28 33
16 104266
33 21
2296727 38
6 29
1 32
2131535 9
1509854 12
1785991 3057830
2119991 3002966
25 7
2503705 11
2932561 5
12 1822866
2079616 13
1371305 38
6 11
3 6
14 548084
28 17
15 1217775
3085088 306029
2 2765264
682028 38
23 35
1569385 32
24 16
1439439 21
1228772 1188248
9 399474
4 29
439391 1587153
5 25
9 23
17 2105402
2096302 33
7 1841476
21 7
2698409 2072172
2470079 1892148
5 561187
28 26
22 18
18 2162210
17 20
32 6
34 34
20 1712757
1877393 6
14980162 62 14713340 8141789
35 7
27 33
12972595 3282154
4 25
6045838 20
5 14
3352392 2112973
35 18
7 7136149
11 630180
5079455 31
9676738 17
17 1323525
5306456 33
10 25
32 3588776
4902059 6783818
21 3575698
33 4528755
22 463551
1230495 572409
269292 33
2 20
3686154 9144109
24 13340233
12700959 1203249
21 23
5386568 14508509
10037607 32
14037327 17
7977270 9696955
29 21
6 18
13 9614019
19 33
5 9
1749766 22
3201595 14297641
6670738 23
26 26
24 3270727
4035154 14
11 14238376
29 32
9313243 18
11692812 13052737
26 37
10 29
8 14
9998505 13
11 11
27 35
14244879 5846875
11585677 9020433
27 11
25 26
4849715 14134887
16 4871497
26 5401881
12014976 12731989
4073087 1936575
2197669 38
13567952 8 5122879 5524130
24 14
11958453 3782862
9 11861265
24 19
8980968 22
4067670 5612197
5165198 8793067
13 39
563749 38 206711 219700
46627 175303
59509 430290
404006 433280
14 222621
30 28
33 394489
12 5259
104222 39
345406 498466
9 516415
339670 426000
359097 30
369890 24
9 258151
4 150557
324661 117340
277876 11
29 276200
12 30
459655 135909
83884 15989
70981 524105
373840 8
19 17
69136 23
161325 31
29 437774
470988 111865
116154 325227
238284 13
7 12
11 94451
28 265122
4 311867
27 34
24 408258
35 18
14 328035
4784811 17 1305914 2384590
2533350 6
2496714 37
27 2283863
4066625 24
1608579 4069588
21 24
23 3254405
20 2370813
24 28
3152922 23
1 38
385625 4268744
2432727 2932390
1296149 35
32 29
30 811812
724162 1126373
9826600 89 9430894 3519243
3243091 6461229
35 19
16 405458
28 7441177
4 33
4901362 7795893
6 4047316
30 5824748
9659599 2482216
7 32
18 2265149
12 27
3883681 5
6044264 6276542
31 251516
2778969 25
26 3266181
2154502 23
4437854 27
23 12
5770277 21
26 17
5151904 198437
2885413 26
31 6635206
33 6471410
9224655 753278
771984 1124741
13 3245353
6 16
6438737 7413668
16 39
15 3839081
8496616 19
9646100 34
27 12
31 34
11 7839676
3100315 8
2243856 1756644
6110639 1318061
794766 2105627
22 37
31 1998773
2864041 7
1873904 23
9772418 9397361
13 9031714
34 2954647
28 15
5452854 1835438
2 3232848
2525430 31
21 18
2799740 5476914
8785521 36
4462105 2287148
33 1056833
3559568 1192290
17 29
10 7623298
14 29
34 9503824
17 16
27 26
4 7
2575351 38
1880327 33
27 6
19 18
2048621 3429602
20 4565749
1633532 27
2875078 31
6540445 4182561
1 9180231
30 2463915
7022812 10
8288086 2591840
4047297 8320433
27 21
9088649 27
9043392 15
9343106 7
5340848 30
32 22
12 6155452
9 6387725
4652678 9
16864403 14 16289734 8693755
8661245 18
871674 17
4451354 13422953
23 17
35 12528268
27 6288270
23 6179529
11113894 13657486
13395865 4199429
25 23
8064168 9
8129380 32
10040546 9
7 2837789
5152417 3 2629115 908228
23 4864850
2285159 4976093
890180 2108765
6956418 62 3832332 5851084
5942841 324566
580102 3829217
7 6713581
708583 5753693
313108 6
4363886 18
6 298497
68462 15
601273 2145382
4385463 3051165
5223419 26
34 39
6275405 17
2025885 5142604
21 22
7 3280071
31 5609033
1586241 36
13 878337
1 38
27 33
1757772 5141582
16 39
470311 5529931
4124493 14
21 2706583
26 25
2484248 38
7 4375294
1 5313719
2863076 2736337
2289121 33
35 2310537
34 11
4 30
34 6546695
3550777 875780
7 3394480
28 4958194
4583275 34
5 39
4132836 19
21 19
6 5
5699872 32
13 15
2541839 4751533
19 34
8 5260164
23 32
4292984 31
3 2882083
1811173 896878
21 4789176
29 6883503
25 16
999203 34
801206 3680000
5 6906333
2817529 20
5 20
27 5519373
1891492 7 532490 1713027
200699 37
21 1594111
1081241 1012684
520291 5
23 20
9 570275
23 36
11118864 21 8486231 5552285
6445658 4851884
1 10965434
26 5574746
23 4494428
3595490 6
23 37
32 25
9864153 5789525
9419041 25
6 1699213
20 3888741
4925599 4514243
29 11
9654846 19
9 20
21 23
28 6564585
5808389 7743160
31 9
5810412 31
10682985 89441
11666038 4 5077547 10934667
11573432 5060199
5523846 39
11219210 7803439
13 21
15989940 4 2327718 5888320
4779563 8939819
26 16
5258383 10952693
3368777 20
12567019 33 8032678 7630898
24 3268282
7818119 25
10034076 39
16 11480104
12224872 9325680
10376529 4682321
5169419 8921811
1 1439985
34 5
11632440 15
6789957 22
35 23
2625060 12
11 3245689
10 2411585
3 37
17 7776418
6947 7110934
19 6013457
6593791 3283028
9972778 11130020
14 18
2885770 11116713
7 4175566
28 31
10 12551076
3 38
10066091 14
3447410 24
8929453 12221448
13 13
11 35
12233872 6
14748592 28 14474928 13715700
7722869 15
16 38
7919647 33
292824 12872132
8863633 28
26 2836290
10916238 14
13770401 31
2750403 17
34 14609986
11377998 14127725
29 17
11338971 7
2682010 23
28 14390471
10436644 7
2513706 3555740
3 37
18 20
10212971 10649065
5 11342274
20 4531123
8243512 11
10 39
13 1888315
3088841 13683342
23 12
6307862 6511105
9530583 27 7967100 5625775
5999789 6444074
12 6306148
28 31
8940647 24
27 10
5313378 3891541
6 267128
13 1019620
83115 5837611
4776314 34
29 30
26 12
5446610 35
2 4311563
937904 2378469
941011 19
1 14
2 8610589
14 34
1033612 7187858
27 25
2869699 5010826
8 31
31 18
3670732 9364998
4 6
5216604 233278
3632907 53 1265381 3034540
3218438 9
16 3451200
266989 16
2388910 2272046
25 957799
13 3403918
2017299 2275970
467861 932372
1723179 959817
898546 513659
29 18
6 1570189
328882 175222
2 37
25 1536967
12 21
1572319 675933
24 3200787
12 36
27 27
3 10
3338701 649952
1069033 20
587737 7
30 562402
14 28
31 22
21 734675
2 1136081
2008313 27
3537338 1300885
24 2216611
27 28
10 490064
280209 751902
6 33
26 127790
24 31
1923561 1255606
17 25
35 18
1626376 7
3620698 28
1 37
2 2510242
22 1381835
1650926 291284
1605528 451330
2399353 34
161088 19
26 29
2834066 194153
32 598182
16972005 10 13666529 3070924
18 6497650
2 15928238
5 13
2 23
12874345 35
15505491 1125696
35 5155847
3 16
31 27
14135182 25
10389004 24 3137020 2307694
3461709 26
5170576 36
484346 733602
8715453 25
10 8543749
1733332 473981
14 17
2077473 13447
5992809 20
9536203 37
8355226 3116801
3283704 9648050
2941276 11
25 7580310
17 12
5 20
6004499 3172749
7547926 17
2 4846996
4752793 488758
4560012 711207
11 2356151
15 3064423
33 6414445
10664883 48 7385671 2947750
998539 10229734
2523619 26
8423489 10284243
22 21
9179350 29
3 322146
820086 172622
18 25
29 29
32 27
18 24
15 10502697
13 3084255
16 8774384
4275273 890538
13 453134
9370520 37
8889359 1012608
1942171 23
1 35
10 20
10 5428755
22 28
33 1477639
3273631 6020408
2821292 32
22 24
19 15
23 11
3361787 14
17 10
7 17
25 18
32 8029783
6 8538354
31 1554056
2650752 3649767
18 2264952
22 912592
3 8426512
35 933121
9845728 30
1931505 3426943
6049912 20
12 22
7 8685796
9788640 37
10574235 16
18401771 58 6881676 12258607
77138 6341188
25 8951140
5 7
3 10101589
35 8371343
33 30
12 5884282
6 7
4 6806893
7966700 15613256
4 13817705
14 31
13088704 35
8340758 9915900
15261435 5160415
2663087 16415203
8814836 14757176
7700144 31
15 15661204
35 14027504
19 35
35 951551
659297 22
3 10
3 13446269
4947938 513816
10446297 21
9879898 28
14 19
11 2685860
7 5509598
4066689 8673227
15345613 6092434
25 14
15426616 14817711
17646447 5
14314321 9
32 6982335
1197871 28
12 14
14351848 37
12 10
9 13936570
14305953 30
23 6
13 15
27 22
536603 9169683
34 12239028
9609377 15133617
10 19
14154864 8
7400087 23
22 10738054
14828814 9
24 4497442
8981035 1720385
6892890 11
18962576 29 18649868 900499
16283021 36
11699009 19
14703872 12211873
9858566 39
19 5
7 10
14298279 19
21 14
25 8566974
5460628 29
15217374 37
18 17877442
27 20
10 5513410
21 6
2950131 16198388
5 17353332
13271934 11257967
6824860 17
14 11
2 11317577
16522279 8967019
11131218 2866925
7829055 16
18 3517938
8 8
6 17841303
29 16
7 34
