9999999999  9999999999
   4 7
135  46
9568954654  5468
    12345   862
1 4565465421
546746546 1
456465465 465465456
4564654 0
654654564 458786107
0 456451
874585712 78954181
7451 445
4 775418685
45658721 5457821 
4532121 4548754
45879893 411786321
5487874512 542121
9999999999  9999999999
   4 7
135  46
9568954654  5468
    12345   862
1 4565465421
546746546 1
456465465 465465456
4564654 0
654654564 458786107
0 456451
874585712 78954181
7451 445
4 775418685
45658721 5457821 
4532121 4548754
45879893 411786321
5487874512 542121

