52 140 3
12 188 203
3 72 213
112 147 167
165 29 216
97 250 123
179 25 44
75 169 43
119 37 204
23 164 64
99 193 230
47 229 205
137 219 176
3 41 180
155 116 7
253 134 81
69 40 118
40 59 172
38 86 174
64 246 146
162 76 105
58 196 168
216 31 187
177 19 59
95 111 67
0 91 3
93 96 30
24 89 76
81 225 40
223 106 214
118 225 143
215 250 165
80 179 6
244 7 153
235 134 64
215 224 142
184 201 228
4 155 45
142 97 170
120 249 10
246 208 7
131 143 210
176 136 115
20 109 198
163 184 96
62 53 201
116 113 30
130 3 22
167 198 16
176 128 76
64 0 212
249 217 55
134 140 151
176 9 41
147 165 181
95 108 195
22 225 92
42 144 204
27 41 195
4 249 237
230 45 67
196 86 99
148 202 255
241 143 209
199 244 101
231 15 19
94 108 9
93 125 141
52 1 205
46 171 132
44 73 154
146 244 153
178 199 215
242 125 226
202 173 183
10 255 64
97 73 6
42 42 148
197 169 200
26 125 68
55 170 89
11 204 254
170 23 66
181 199 253
16 7 80
254 3 0
215 5 161
114 81 119
183 94 169
94 86 94
146 170 10
63 150 159
180 43 215
205 227 208
43 252 83
186 217 89
2 236 71
38 165 24
61 74 71
26 30 19
76 248 58
112 89 23
41 233 162
45 134 161
98 219 190
165 225 178
97 66 199
81 92 190
216 10 91
15 227 111
109 152 51
74 170 189
237 203 149
94 213 122
58 93 75
178 24 15
12 170 176
61 88 34
209 243 68
56 183 112
234 220 224
37 196 202
237 86 164
100 32 13
227 99 2
172 182 36
19 27 63
118 49 87
146 59 118
147 226 104
80 194 248
5 156 93
107 61 176
77 212 107
100 136 55
192 254 192
166 210 211
198 71 53
160 243 30
0 211 41
74 36 25
174 234 205
223 78 87
15 109 177
180 127 21
69 150 34
44 247 23
3 211 154
228 196 68
13 198 7
135 193 205
146 43 227
78 134 53
195 142 159
3 101 219
206 61 82
212 190 11
34 38 38
26 113 89
169 143 106
68 60 80
19 245 213
167 232 44
82 141 155
154 180 0
70 164 67
-1 -1 -1
