126 118 124
214 58 240
188 237 172
119 224 218
75 208 33
178 2 60
109 223 143
149 137 34
51 132 216
77 159 78
85 120 217
185 194 123
94 92 99
88 7 207
26 224 74
175 229 199
209 103 62
9 91 151
160 211 99
64 87 3
60 169 223
137 250 6
10 153 255
114 95 105
106 38 147
216 17 215
238 199 139
61 113 133
16 211 0
87 63 196
12 94 231
238 100 87
76 219 118
207 57 115
70 245 242
87 8 6
131 4 24
159 174 44
132 3 98
66 137 149
209 185 222
41 56 246
198 97 104
31 127 152
120 236 237
177 171 25
92 71 119
21 216 77
249 235 87
251 100 129
167 203 85
130 183 179
131 56 55
111 144 246
83 133 4
137 30 20
17 5 142
209 239 27
95 246 50
9 233 187
118 246 32
72 65 245
116 137 219
28 221 197
14 64 90
133 111 123
146 196 117
8 214 120
86 235 70
167 33 178
162 210 113
85 154 142
45 19 96
68 17 15
146 71 197
50 24 12
247 149 79
175 229 237
143 210 113
253 166 5
25 1 53
101 50 47
240 129 210
23 72 169
62 32 97
214 23 64
152 42 250
228 11 115
80 247 174
139 28 145
85 51 13
83 31 241
81 12 147
90 130 209
69 119 168
64 182 96
40 235 61
106 123 244
48 89 153
238 119 236
100 91 50
245 62 81
72 101 194
165 70 27
158 82 23
162 91 189
151 19 117
44 117 18
17 2 238
60 243 26
211 206 70
195 243 86
69 222 74
195 7 120
253 113 29
239 48 246
39 44 141
42 122 0
85 211 90
157 54 124
26 187 3
212 66 121
90 94 140
89 64 150
205 84 133
57 236 72
151 77 28
216 23 83
44 39 141
75 159 245
242 218 165
203 136 143
83 213 250
185 215 239
93 230 31
17 16 106
249 45 54
211 245 156
195 202 203
31 175 104
89 191 130
114 129 46
161 244 53
188 152 54
6 74 53
168 210 76
212 7 98
168 32 215
232 100 66
231 158 88
129 140 64
141 141 62
239 57 214
185 37 251
97 198 163
56 204 172
178 221 169
9 75 174
55 135 129
147 227 16
137 143 139
243 151 158
134 162 211
242 232 188
239 56 249
85 8 195
136 109 218
81 68 67
237 200 169
215 2 99
212 99 215
154 45 120
217 58 124
251 199 183
169 57 129
41 61 125
2 42 223
141 20 136
14 142 74
236 106 252
116 80 131
106 222 94
209 129 55
191 2 207
87 223 149
124 34 63
100 3 100
248 90 83
86 11 170
46 218 77
34 69 116
222 106 35
231 219 168
162 38 155
247 108 198
179 17 141
128 100 174
167 208 56
92 170 94
149 93 169
190 152 249
19 137 248
37 40 155
117 248 211
221 85 206
153 161 145
226 199 253
156 85 128
54 135 125
148 229 63
231 17 180
75 127 4
23 98 35
159 94 44
158 38 143
175 216 103
243 191 102
11 154 11
119 94 158
10 231 28
181 237 53
108 142 222
33 111 11
149 48 28
13 213 13
69 97 113
205 27 196
161 72 160
173 233 70
47 244 68
123 56 3
5 71 98
36 165 207
217 238 54
222 15 251
79 2 2
12 82 177
242 3 245
208 197 173
255 214 230
240 174 47
173 252 254
46 57 161
39 81 136
47 142 41
51 65 56
-1 -1 -1
