184.0 18.0 0.4 6
56.0 0.6 70.0 1.7 162.0 1.1
M0 8 38
M1 27 36
M2 98 53
M3 76 64
M4 76 78
M5 82 15
225.0 25.0 0.4 9
31.0 0.9 84.0 2.0 156.0 1.4
M0 86 67
M1 75 58
M2 38 35
M3 20 82
M4 41 46
M5 97 12
M6 21 95
M7 73 40
M8 78 75
344.0 11.0 0.4 8
14.0 1.0 95.0 1.6 122.0 1.0
M0 44 91
M1 57 11
M2 56 25
M3 49 23
M4 47 40
M5 87 42
M6 35 38
M7 4 16
188.0 44.0 0.1 5
46.0 0.6 74.0 1.6 140.0 1.2
M0 88 3
M1 65 39
M2 67 73
M3 93 23
M4 83 96
280.0 31.0 0.7 8
9.0 0.9 76.0 1.9 128.0 1.1
M0 13 29
M1 80 21
M2 56 71
M3 19 98
M4 25 43
M5 75 86
M6 89 97
M7 39 43
45.0 32.0 0.3 9
39.0 0.7 96.0 1.9 134.0 1.0
M0 47 15
M1 24 94
M2 61 98
M3 47 79
M4 74 38
M5 47 52
M6 9 59
M7 34 14
M8 77 71
160.0 45.0 0.1 9
33.0 0.8 104.0 1.9 154.0 1.1
M0 30 28
M1 68 29
M2 56 41
M3 30 44
M4 56 48
M5 60 41
M6 13 25
M7 3 97
M8 11 37
232.0 27.0 0.6 5
33.0 0.8 88.0 1.6 129.0 1.3
M0 29 87
M1 83 84
M2 89 59
M3 54 16
M4 65 69
94.0 15.0 0.9 4
25.0 0.6 81.0 1.6 170.0 1.1
M0 47 38
M1 50 50
M2 35 52
M3 12 51
218.0 46.0 0.6 5
48.0 0.8 95.0 1.8 136.0 1.4
M0 88 88
M1 6 80
M2 90 64
M3 16 30
M4 16 28
303.0 36.0 0.1 4
1.0 0.8 81.0 1.8 157.0 1.1
M0 82 3
M1 2 37
M2 61 2
M3 62 91
134.0 46.0 0.4 9
35.0 0.9 66.0 1.9 133.0 1.4
M0 1 73
M1 41 36
M2 20 18
M3 7 11
M4 15 78
M5 4 79
M6 59 40
M7 22 18
M8 61 33
217.0 58.0 0.4 4
18.0 0.5 63.0 1.9 128.0 1.5
M0 62 95
M1 63 3
M2 35 14
M3 10 19
30.0 11.0 1.0 9
54.0 0.6 111.0 1.5 128.0 1.3
M0 73 10
M1 16 9
M2 12 2
M3 76 95
M4 2 64
M5 10 42
M6 30 1
M7 88 75
M8 50 16
274.0 54.0 0.5 9
44.0 0.8 74.0 1.9 123.0 1.2
M0 67 98
M1 60 49
M2 58 89
M3 4 88
M4 10 52
M5 57 0
M6 38 47
M7 19 50
M8 77 35
251.0 55.0 0.7 7
25.0 1.0 61.0 1.8 132.0 1.1
M0 64 12
M1 26 33
M2 70 3
M3 95 75
M4 87 63
M5 24 63
M6 85 23
259.0 26.0 0.1 6
53.0 0.7 74.0 1.9 151.0 1.2
M0 12 21
M1 11 36
M2 20 43
M3 82 50
M4 81 41
M5 87 71
231.0 39.0 1.0 6
31.0 0.5 81.0 2.0 139.0 1.2
M0 17 15
M1 53 57
M2 31 34
M3 15 43
M4 24 20
M5 72 22
70.0 31.0 0.8 8
14.0 0.7 60.0 1.5 150.0 1.4
M0 26 35
M1 53 86
M2 30 7
M3 45 37
M4 46 82
M5 2 90
M6 19 63
M7 12 23
216.0 42.0 0.9 8
9.0 0.7 72.0 1.8 157.0 1.0
M0 38 72
M1 51 79
M2 88 10
M3 66 54
M4 72 45
M5 84 77
M6 38 83
M7 62 61
158.0 21.0 0.3 6
37.0 0.5 64.0 1.8 127.0 1.4
M0 97 65
M1 95 35
M2 57 64
M3 95 92
M4 43 58
M5 85 40
105.0 52.0 0.7 9
35.0 0.6 83.0 1.6 148.0 1.2
M0 69 99
M1 72 98
M2 66 71
M3 37 8
M4 4 2
M5 55 98
M6 34 84
M7 13 38
M8 78 9
272.0 36.0 0.2 8
57.0 0.6 82.0 1.9 150.0 1.4
M0 65 97
M1 96 50
M2 14 29
M3 52 86
M4 73 76
M5 29 58
M6 8 39
M7 12 59
186.0 25.0 1.0 7
47.0 0.7 115.0 1.8 167.0 1.2
M0 77 74
M1 62 24
M2 81 1
M3 46 44
M4 49 32
M5 24 44
M6 39 91
317.0 35.0 0.3 9
11.0 0.9 70.0 1.9 165.0 1.4
M0 92 35
M1 94 33
M2 68 85
M3 42 65
M4 24 4
M5 39 62
M6 42 76
M7 5 56
M8 41 0
200.0 58.0 0.9 8
45.0 0.9 118.0 1.9 165.0 1.4
M0 36 11
M1 17 27
M2 55 72
M3 37 46
M4 45 69
M5 69 5
M6 18 79
M7 30 81
191.0 55.0 0.2 3
44.0 0.8 64.0 1.7 162.0 1.2
M0 63 89
M1 94 74
M2 47 7
252.0 42.0 0.2 4
29.0 0.8 93.0 2.0 135.0 1.3
M0 93 69
M1 76 3
M2 95 61
M3 82 24
4.0 21.0 0.9 6
27.0 0.5 79.0 1.7 140.0 1.4
M0 10 27
M1 83 75
M2 38 77
M3 74 76
M4 80 8
M5 87 52
293.0 14.0 0.3 5
29.0 0.5 73.0 1.9 121.0 1.3
M0 62 29
M1 51 87
M2 60 32
M3 65 59
M4 28 71
335.0 43.0 0.7 3
50.0 0.5 102.0 1.9 166.0 1.0
M0 61 81
M1 62 89
M2 42 65
85.0 26.0 0.3 4
52.0 0.5 88.0 1.9 147.0 1.0
M0 10 97
M1 36 60
M2 53 67
M3 44 64
225.0 17.0 0.4 7
30.0 0.8 106.0 2.0 146.0 1.3
M0 74 55
M1 73 77
M2 18 75
M3 59 75
M4 23 80
M5 63 12
M6 99 40
344.0 56.0 0.3 7
42.0 0.7 75.0 1.9 121.0 1.4
M0 12 84
M1 85 31
M2 59 32
M3 40 97
M4 39 62
M5 12 71
M6 88 40
339.0 19.0 1.0 4
50.0 0.9 103.0 1.6 178.0 1.5
M0 99 18
M1 1 80
M2 37 34
M3 14 53
17.0 28.0 0.3 8
45.0 0.8 85.0 1.8 161.0 1.3
M0 11 17
M1 21 63
M2 37 42
M3 84 20
M4 34 89
M5 82 83
M6 27 26
M7 3 79
94.0 27.0 0.6 8
46.0 0.7 92.0 2.0 178.0 1.1
M0 70 47
M1 54 88
M2 37 2
M3 79 57
M4 42 26
M5 4 56
M6 76 51
M7 4 32
345.0 12.0 0.3 9
43.0 0.8 115.0 2.0 171.0 1.1
M0 85 96
M1 57 95
M2 37 84
M3 54 50
M4 80 91
M5 36 29
M6 87 3
M7 7 58
M8 18 92
86.0 43.0 0.5 6
10.0 0.8 110.0 1.6 155.0 1.5
M0 81 29
M1 41 69
M2 70 22
M3 35 15
M4 98 26
M5 72 3
147.0 47.0 0.2 8
39.0 0.7 84.0 1.6 125.0 1.0
M0 71 22
M1 53 48
M2 59 93
M3 79 3
M4 55 43
M5 71 39
M6 90 67
M7 70 95
239.0 59.0 0.6 5
4.0 0.8 63.0 1.6 144.0 1.0
M0 2 26
M1 73 84
M2 37 68
M3 46 67
M4 4 23
254.0 38.0 0.5 9
34.0 1.0 97.0 2.0 164.0 1.1
M0 33 4
M1 70 47
M2 63 98
M3 71 4
M4 90 28
M5 98 35
M6 46 90
M7 61 70
M8 36 79
220.0 34.0 0.3 5
19.0 0.9 86.0 1.5 130.0 1.4
M0 67 47
M1 20 51
M2 16 54
M3 50 56
M4 20 46
51.0 55.0 0.2 5
21.0 0.7 119.0 1.8 122.0 1.1
M0 75 58
M1 10 14
M2 90 5
M3 58 71
M4 79 58
133.0 37.0 0.9 6
54.0 0.9 102.0 2.0 171.0 1.1
M0 92 1
M1 19 5
M2 43 70
M3 37 31
M4 45 24
M5 20 76
94.0 33.0 0.8 3
32.0 0.5 87.0 1.6 121.0 1.1
M0 7 89
M1 35 0
M2 49 10
66.0 23.0 0.8 4
2.0 0.7 92.0 1.6 122.0 1.4
M0 87 56
M1 93 13
M2 84 70
M3 68 4
78.0 37.0 0.2 5
28.0 0.6 86.0 1.7 133.0 1.1
M0 63 85
M1 76 54
M2 99 72
M3 56 61
M4 39 62
72.0 15.0 0.9 8
30.0 0.6 119.0 1.8 141.0 1.3
M0 92 19
M1 97 2
M2 40 3
M3 12 55
M4 3 93
M5 25 60
M6 87 53
M7 87 32
81.0 16.0 0.7 3
24.0 0.6 96.0 1.6 152.0 1.2
M0 75 79
M1 17 12
M2 74 27
351.0 58.0 0.4 8
30.0 0.7 111.0 1.9 151.0 1.2
M0 75 38
M1 83 31
M2 31 23
M3 93 65
M4 46 56
M5 9 54
M6 27 75
M7 65 60
355.0 17.0 0.5 8
59.0 0.8 87.0 1.8 176.0 1.1
M0 26 65
M1 54 49
M2 55 13
M3 57 65
M4 85 13
M5 93 51
M6 24 68
M7 94 74
32.0 19.0 1.0 7
11.0 0.6 81.0 1.9 142.0 1.1
M0 34 8
M1 97 73
M2 64 41
M3 10 8
M4 40 78
M5 84 81
M6 35 56
311.0 44.0 1.0 9
24.0 0.7 110.0 1.8 126.0 1.0
M0 46 2
M1 64 0
M2 96 4
M3 39 73
M4 15 57
M5 37 97
M6 41 71
M7 2 45
M8 68 74
3.0 27.0 0.6 4
23.0 0.8 81.0 1.8 167.0 1.5
M0 71 21
M1 40 27
M2 4 58
M3 97 2
224.0 48.0 0.2 9
7.0 0.6 111.0 1.8 150.0 1.1
M0 64 85
M1 28 26
M2 57 85
M3 41 61
M4 58 26
M5 41 11
M6 59 6
M7 42 89
M8 92 84
104.0 33.0 0.3 4
4.0 0.7 86.0 1.6 150.0 1.2
M0 84 83
M1 75 31
M2 13 5
M3 46 73
57.0 43.0 0.2 8
7.0 0.9 75.0 1.8 121.0 1.2
M0 70 9
M1 15 36
M2 11 29
M3 62 35
M4 87 6
M5 40 11
M6 3 83
M7 92 99
106.0 55.0 0.3 6
49.0 0.7 119.0 1.8 147.0 1.4
M0 35 87
M1 16 2
M2 23 60
M3 87 42
M4 65 20
M5 79 13
128.0 49.0 0.5 7
29.0 0.8 72.0 1.7 126.0 1.2
M0 45 17
M1 50 57
M2 29 37
M3 27 69
M4 87 76
M5 16 40
M6 75 0
104.0 21.0 0.2 6
37.0 0.8 86.0 1.9 176.0 1.4
M0 0 6
M1 96 22
M2 57 74
M3 4 78
M4 31 19
M5 74 4
60.0 42.0 0.6 7
24.0 0.9 80.0 1.5 123.0 1.1
M0 52 24
M1 39 78
M2 83 87
M3 51 57
M4 37 11
M5 67 33
M6 60 54
307.0 19.0 0.7 4
48.0 0.8 60.0 1.5 154.0 1.0
M0 13 50
M1 77 57
M2 11 85
M3 56 67
297.0 50.0 0.7 9
38.0 0.8 61.0 1.8 169.0 1.2
M0 39 30
M1 81 20
M2 70 81
M3 20 5
M4 71 62
M5 15 70
M6 99 40
M7 23 63
M8 34 31
13.0 55.0 0.4 8
10.0 0.6 76.0 1.5 145.0 1.0
M0 49 82
M1 19 84
M2 93 83
M3 57 2
M4 24 78
M5 68 64
M6 65 1
M7 26 35
85.0 49.0 0.1 7
19.0 0.6 85.0 1.8 125.0 1.3
M0 63 21
M1 39 48
M2 49 9
M3 53 43
M4 78 61
M5 93 77
M6 46 49
328.0 49.0 0.3 7
4.0 0.7 67.0 1.7 133.0 1.5
M0 68 59
M1 76 69
M2 17 47
M3 91 41
M4 38 44
M5 90 84
M6 24 65
95.0 31.0 0.3 4
50.0 0.9 114.0 1.8 159.0 1.5
M0 6 17
M1 29 88
M2 99 37
M3 68 92
234.0 29.0 0.6 9
43.0 0.6 84.0 1.8 140.0 1.5
M0 18 78
M1 99 16
M2 36 14
M3 39 33
M4 99 0
M5 90 1
M6 16 89
M7 47 15
M8 45 17
43.0 35.0 0.3 5
21.0 0.9 83.0 1.9 145.0 1.1
M0 15 12
M1 87 5
M2 29 68
M3 7 74
M4 86 43
119.0 55.0 0.6 8
34.0 0.8 100.0 1.9 141.0 1.0
M0 55 83
M1 71 80
M2 82 38
M3 35 13
M4 94 26
M5 11 14
M6 1 16
M7 42 13
55.0 53.0 0.5 4
6.0 0.5 95.0 1.7 126.0 1.0
M0 61 20
M1 93 85
M2 76 28
M3 42 69
186.0 56.0 0.5 6
17.0 0.9 81.0 1.9 153.0 1.4
M0 90 55
M1 85 88
M2 52 67
M3 56 13
M4 82 38
M5 93 16
230.0 24.0 0.6 7
2.0 0.9 86.0 1.9 163.0 1.3
M0 83 27
M1 57 60
M2 88 3
M3 51 5
M4 87 42
M5 16 2
M6 81 20
0.0 27.0 0.7 8
3.0 0.9 63.0 1.9 125.0 1.1
M0 59 0
M1 19 92
M2 42 51
M3 6 16
M4 59 98
M5 84 29
M6 99 34
M7 93 73
227.0 34.0 0.5 8
1.0 0.6 72.0 1.6 122.0 1.0
M0 18 32
M1 93 69
M2 27 61
M3 39 63
M4 25 23
M5 66 68
M6 71 25
M7 29 89
125.0 34.0 0.6 7
46.0 0.9 85.0 2.0 128.0 1.3
M0 32 21
M1 91 25
M2 84 79
M3 97 35
M4 95 93
M5 65 86
M6 32 85
153.0 50.0 0.4 8
55.0 0.8 91.0 1.8 122.0 1.3
M0 48 69
M1 81 67
M2 2 98
M3 77 48
M4 60 79
M5 78 89
M6 23 32
M7 49 80
258.0 46.0 0.1 6
17.0 0.8 98.0 1.6 134.0 1.2
M0 74 62
M1 51 30
M2 5 47
M3 1 19
M4 71 3
M5 50 36
297.0 18.0 0.9 7
35.0 0.9 71.0 1.6 176.0 1.4
M0 87 51
M1 63 25
M2 80 68
M3 60 76
M4 71 38
M5 7 21
M6 1 7
38.0 34.0 0.4 4
56.0 1.0 118.0 1.6 143.0 1.4
M0 29 94
M1 19 27
M2 2 11
M3 77 86
65.0 58.0 0.3 5
58.0 0.7 84.0 1.8 163.0 1.5
M0 66 87
M1 41 61
M2 10 46
M3 65 12
M4 84 0
33.0 42.0 0.1 7
59.0 0.6 102.0 1.6 134.0 1.4
M0 42 11
M1 48 96
M2 54 46
M3 51 93
M4 19 50
M5 51 32
M6 9 19
73.0 27.0 0.9 7
27.0 0.8 80.0 1.8 155.0 1.4
M0 33 8
M1 30 42
M2 22 11
M3 67 19
M4 57 4
M5 72 62
M6 25 87
255.0 15.0 1.0 3
28.0 0.8 65.0 1.7 167.0 1.2
M0 41 90
M1 20 58
M2 18 97
186.0 46.0 0.2 6
35.0 1.0 104.0 1.7 151.0 1.1
M0 2 65
M1 93 26
M2 76 1
M3 45 52
M4 17 27
M5 2 98
17.0 55.0 0.8 8
19.0 0.9 80.0 1.7 148.0 1.4
M0 2 28
M1 81 71
M2 34 52
M3 32 72
M4 74 82
M5 91 40
M6 24 42
M7 36 25
81.0 32.0 0.6 8
41.0 0.6 118.0 1.8 177.0 1.5
M0 39 68
M1 93 17
M2 22 9
M3 89 14
M4 19 32
M5 13 84
M6 65 40
M7 83 24
270.0 20.0 0.9 9
10.0 1.0 115.0 1.5 126.0 1.4
M0 8 26
M1 50 33
M2 44 24
M3 76 11
M4 36 2
M5 92 43
M6 51 68
M7 38 20
M8 62 0
149.0 56.0 0.3 8
21.0 0.8 88.0 1.6 127.0 1.2
M0 76 61
M1 87 93
M2 92 25
M3 47 40
M4 4 71
M5 95 24
M6 62 96
M7 98 0
304.0 58.0 0.9 7
34.0 0.6 91.0 1.7 139.0 1.1
M0 89 6
M1 43 77
M2 15 68
M3 46 1
M4 72 31
M5 2 56
M6 52 90
124.0 14.0 0.9 4
39.0 0.5 107.0 1.7 157.0 1.4
M0 39 66
M1 85 15
M2 95 7
M3 87 19
328.0 25.0 0.3 8
48.0 0.6 77.0 1.8 124.0 1.2
M0 27 5
M1 15 17
M2 98 87
M3 50 49
M4 53 55
M5 95 83
M6 47 78
M7 18 40
142.0 52.0 0.8 5
15.0 0.5 65.0 1.6 135.0 1.2
M0 59 33
M1 2 28
M2 73 55
M3 67 79
M4 69 55
62.0 21.0 0.6 4
23.0 0.7 89.0 1.8 172.0 1.0
M0 70 69
M1 24 76
M2 88 97
M3 52 93
48.0 32.0 0.2 5
53.0 0.8 118.0 1.9 142.0 1.5
M0 31 5
M1 31 33
M2 74 5
M3 96 86
M4 44 4
53.0 21.0 0.5 7
48.0 0.6 107.0 1.8 151.0 1.3
M0 31 47
M1 10 35
M2 55 76
M3 86 37
M4 77 64
M5 3 74
M6 37 35
21.0 48.0 0.2 9
49.0 1.0 83.0 1.7 123.0 1.1
M0 58 15
M1 65 41
M2 49 9
M3 64 95
M4 81 20
M5 5 93
M6 48 90
M7 56 62
M8 43 35
196.0 26.0 0.2 5
47.0 0.7 64.0 1.9 136.0 1.1
M0 62 1
M1 7 30
M2 75 5
M3 80 74
M4 45 95
354.0 50.0 0.9 5
13.0 0.6 112.0 1.9 173.0 1.4
M0 19 53
M1 10 62
M2 95 14
M3 20 46
M4 82 28
0 0 0 0
