99 25 63 18 93 71 0
44 30 90 34 43 96 18 24 46 1 78 19 71 7 0
58 3 75 85 48 94 43 15 14 87 91 0
81 63 10 85 36 46 77 9 4 5 32 54 64 24 0
43 83 34 57 49 44 91 99 27 20 72 0
8 98 89 55 71 23 87 15 48 86 25 45 84 0
42 86 21 20 47 32 82 93 64 17 31 0
68 80 86 37 99 53 56 23 65 24 42 43 87 94 0
66 26 83 23 32 15 9 0
49 40 62 61 64 99 21 25 96 8 23 0
66 24 30 54 59 17 88 78 22 41 57 50 3 84 99 0
57 36 54 20 0
49 45 95 3 34 42 18 69 71 47 41 0
65 84 49 45 25 32 67 95 50 48 23 54 38 0
75 98 32 21 17 88 82 90 18 24 33 12 13 89 48 0
-1
