5
2  3 3   4 6
3  1 2   3 7   5 6
1  4 5
0
1  4 7
2 4

2
1   2 5
1   1 6
1 2

7
4   2 5   3 13
    4 8   5 18
2   3 7   6 14
1   6 6
2   3 5   5 9
3   6 2   7 9
    4 6
1   7 2
0
1 7

10
3 3 14 2 15 5 10
4 1 9 5 2 7 15 4 27
4 1 18 5 7 4 33 8 5
2 3 13 7 24
5 1 30 3 17 2 12 8 40 6 25
3 5 11 8 14 10 12
4 2 3 10 7 4 18 9 22
3 5 25 9 27 6 16
3 8 15 7 40 10 31
4 5 37 6 12 7 20 9 21
1 9

10
3 3 14 2 15 5 10
4 1 9 5 2 7 15 4 27
4 1 18 5 7 4 33 8 5
2 3 13 7 24
5 1 30 3 17 2 12 8 40 6 25
3 5 11 8 14 10 12
4 2 3 10 7 4 18 9 22
3 5 25 9 27 6 16
3 8 15 7 40 10 31
4 5 37 6 12 7 20 9 21
1 2

10
3 3 14 2 15 5 10
4 1 9 5 2 7 15 4 27
4 1 18 5 7 4 33 8 5
2 3 13 7 24
5 1 30 3 17 2 12 8 40 6 25
3 5 11 8 14 10 12
4 2 3 10 7 4 18 9 22
3 5 25 9 27 6 16
3 8 15 7 40 10 31
4 5 37 6 12 7 20 9 21
9 1

10
2 2 2 10 400
1 3 3
1 4 4
1 5 5
1 6 6
1 7 7
1 8 8
1 9 9
1 10 10
0
1 10

0

