10
99
108
804289383
10
846930886
11
681692777
12
714636915
13
957747793
14
424238335
15
719885386
16
649760492
17
596516649
18
189641421
19
25202362
20
350490027
21
783368690
22
102520059
23
44897763
24
967513926
25
365180540
26
540383426
27
304089172
28
303455736
29
35005211
30
521595368
31
294702567
32
726956429
33
336465782
34
861021530
35
278722862
36
233665123
37
145174067
38
468703135
39
101513929
40
801979802
41
315634022
42
635723058
43
369133069
44
125898167
45
59961393
46
89018456
47
628175011
48
656478042
49
131176229
50
653377373
51
859484421
52
914544919
53
608413784
54
756898537
55
734575198
56
973594324
57
149798315
58
38664370
59
129566413
60
184803526
61
412776091
62
424268980
63
911759956
64
749241873
65
137806862
66
42999170
67
982906996
68
135497281
69
511702305
70
84420925
71
937477084
72
827336327
73
572660336
74
159126505
75
805750846
76
632621729
77
100661313
78
433925857
79
141616124
80
84353895
81
939819582
82
1100545
83
998898814
84
548233367
85
610515434
86
585990364
87
374344043
88
760313750
89
477171087
90
356426808
91
945117276
92
889947178
93
780695788
94
709393584
95
491705403
96
918502651
97
752392754
98
474612399
99
53999932
100
264095060
101
411549676
102
843993368
103
943947739
104
984210012
105
855636226
106
749698586
107
469348094
108
956297539
109
36140795
110
463480570
111
40651434
112
975960378
113
317097467
114
892066601
115
376710097
116
927612902
117
330573317
118
603570492
119
687926652
120
660260756
121
959997301
122
485560280
123
402724286
124
593209441
125
194953865
126
894429689
127
364228444
128
947346619
129
221558440
130
270744729
131
63958031
132
633108117
133
114738097
134
7905771
135
469834481
136
822890675
137
610120709
138
791698927
139
631704567
140
498777856
141
255179497
142
524872353
143
327254586
144
572276965
145
269455306
146
703964683
147
352406219
148
600028624
149
160051528
150
40332871
151
112805732
152
120048829
153
378409503
154
515530019
155
713258270
156
573363368
157
409959708
158
77486715
159
373226340
160
631518149
161
200747796
162
289700723
163
117142618
164
168002245
165
150122846
166
439493451
167
990892921
168
760243555
169
231192379
170
622597488
171
111537764
172
338888228
173
147469841
174
438792350
175
911165193
176
269441500
177
142757034
178
116087764
179
869470124
180
155324914
181
8936987
182
982275856
183
275373743
184
387346491
185
350322227
186
841148365
187
960709859
188
760281936
189
771151432
190
186452551
191
244316437
192
971899228
193
476153275
194
213975407
195
139901474
196
626276121
197
653468858
198
130794395
199
239036029
200
884661237
201
605908235
202
350573793
203
76065818
204
605894428
205
789366143
206
987231011
207
875335928
208
784639529
209
103318776
210
597322404
211
939964443
212
112255763
213
432114613
214
67854538
215
352118606
216
782436840
217
909002904
218
165344818
219
395235128
220
532670688
221
351797369
222
492067917
223
504569917
224
680466996
225
706043324
226
496987743
227
159259470
228
359512183
229
480298490
230
398295499
231
96689772
232
86206725
233
601385644
234
172755590
235
544617505
236
243268139
237
12502954
238
272469786
239
27907669
240
968338082
241
722308542
242
820388464
243
933110197
244
6939507
245
740759355
246
285228804
247
789376348
248
502278611
249
450573622
250
37127828
251
34949299
252
654887343
253
529195746
254
392035568
255
335354340
256
87755422
257
889023311
258
494613810
259
447267605
260
369321801
261
745425661
262
396473730
263
308044878
264
346811305
265
569229320
266
705178736
267
590079444
268
434248626
269
977648522
270
470503465
271
402586708
272
552473416
273
143408282
274
188213258
275
559412924
276
884167637
277
473442062
278
201305624
279
238962600
280
776532036
281
238433452
282
273911899
283
431419379
284
620145550
285
665947468
286
619290071
287
707900973
288
407487131
289
113903881
290
7684930
291
776808933
292
711845894
293
404158660
294
937370163
295
58657199
296
973387981
297
642548899
298
501252996
299
260152959
300
472713773
301
824272813
302
662739668
303
25187190
304
967681095
305
850952926
306
437116466
307
704365084
308
176911340
309
638422090
310
943327684
311
953443376
312
876855542
313
69755936
314
237379107
315
349517445
316
588219756
317
856669179
318
57418418
319
995706887
320
823089412
321
65103348
322
625032172
323
387451659
324
469262009
325
562402336
326
298625210
327
295166342
328
57467587
329
799878206
330
555319301
331
382697713
332
476667372
333
70575321
334
260401255
335
296864819
336
774044599
337
697517721
338
1229904
339
950955939
340
335939811
341
797073940
342
756915667
343
65311705
344
719346228
345
846811127
346
414829150
347
307565984
348
555996658
349
324763920
350
155789224
351
231602422
352
389867269
353
780821396
354
619054081
355
711645630
356
195740084
357
917679292
358
6811972
359
253207672
360
570073850
361
414647625
362
635905385
363
46741222
364
337739299
365
896306640
366
343606042
367
111783898
368
446340713
369
197352298
370
915256190
371
782280524
372
846942590
373
524688209
374
700108581
375
566288819
376
371499336
377
114937732
378
726371155
379
927495994
380
292218004
381
882160379
382
11614769
383
682085273
384
662981776
385
630668850
386
246247255
387
858721860
388
548348142
389
105575579
390
964445884
391
118421993
392
520223205
393
452867621
394
17679567
395
857962504
396
201690613
397
213801961
398
822262754
399
648031326
400
411154259
401
737518944
402
282828202
403
110613202
404
114723506
405
982936784
406
676902021
407
486222842
408
950390868
409
255789528
410
266235189
411
242608872
412
137949908
413
277849958
414
777210498
415
653448036
416
908518808
417
23457753
418
364686248
419
309383303
420
129033333
421
329132133
422
280321648
423
501772890
424
781999754
425
150517567
426
212251746
427
983690368
428
364319529
429
34514500
430
484238046
431
775473788
432
624549797
433
767066249
434
886086990
435
739273303
436
750003033
437
415505363
438
78012497
439
552910253
440
671294892
441
344247686
442
795519125
443
661761152
444
474613996
445
425245975
446
315209188
447
235649157
448
448703729
449
679895436
450
545032460
451
430253414
452
861543921
453
677870460
454
932026304
455
496060028
456
828388027
457
144278050
458
332266748
459
192707556
460
31308902
461
816504794
462
820697697
463
655858699
464
583571043
465
559301039
466
395132002
467
186090428
468
974806403
469
473144500
470
739000681
471
498617647
472
669908538
473
387036159
474
12895151
475
144522535
476
812282134
477
328104339
478
380171692
479
113502215
480
860516127
481
777720504
482
543755629
483
722060049
484
455590964
485
328298285
486
70636429
487
136495343
488
472576335
489
402903177
490
329202900
491
503885238
492
219407971
493
2416949
494
12260289
495
655495367
496
561717988
497
407392292
498
841585795
499
389040743
500
733053144
501
433102829
502
887658390
503
402961682
504
672655340
505
900553541
506
400000569
507
337453826
508
81174232
509
780172261
510
450956042
511
941690360
512
410409117
513
847228023
514
516266761
515
866000081
516
175526309
517
586903190
518
2495425
519
500618996
520
989806367
521
184214677
522
4504234
523
61730690
524
186631626
525
16764524
526
717226057
527
748349614
528
276673168
529
411328205
530
137390358
531
9726312
532
696947386
533
877565100
534
265204346
535
369602726
536
630634994
537
665204916
538
707056552
539
564325578
540
297893529
541
10528946
542
358532290
543
708302647
544
857756970
545
874799051
546
426819080
547
885799631
548
314218593
549
281830857
550
386418627
551
156541312
552
318561886
553
243439214
554
70788355
555
505193512
556
112720090
557
788014412
558
106059479
559
241909610
560
51858969
561
95966189
562
104152274
563
748806355
564
826047641
565
369356620
566
970925433
567
309198987
568
887077888
569
530498338
570
873524566
571
37487770
572
541027284
573
232056856
574
745790417
575
251300606
576
959372260
577
25125849
578
137100237
579
126107205
580
159473059
581
376035217
582
282648518
583
478034945
584
471990783
585
353436873
586
983228458
587
584710873
588
993967637
589
941804289
590
826620483
591
45826607
592
37770478
593
930772757
594
647149314
595
716334471
596
152645729
597
470591100
598
25533459
599
39723618
600
1089438
601
899058025
602
77211388
603
394633074
604
983631233
605
675518157
606
645933681
607
943003493
608
553160358
609
635550270
610
69110699
611
712633417
612
864101839
613
204275569
614
190668363
615
336092622
616
410228794
617
26413173
618
773319847
619
404196431
620
968217462
621
452456682
622
302539390
623
858504292
624
235745791
625
802205057
626
427355115
627
388391521
628
272796157
629
452888574
630
280631491
631
126401947
632
204462951
633
210359231
634
521035021
635
40610537
636
738393740
637
19485054
638
983614030
639
291554098
640
655035325
641
905241081
642
4187516
643
371653516
644
962033002
645
47372231
646
707746139
647
372261796
648
73785404
649
333582338
650
628974580
651
894519218
652
786039021
653
931513970
654
605539862
655
21784812
656
586235379
657
32894977
658
262692685
659
859031536
660
338299904
661
543324176
662
985433483
663
395279207
664
606199759
665
358984857
666
435889744
667
344593499
668
378469911
669
272020127
670
488663950
671
33505236
672
29777560
673
345367818
674
257675105
675
991810563
676
392740049
677
965421244
678
216588711
679
319041805
680
151519934
681
845563291
682
66077375
683
937558955
684
629593614
685
524133589
686
959343768
687
215828993
688
409544918
689
74552805
690
927376882
691
747844822
692
617876982
693
765326717
694
143124030
695
76593093
696
124311574
697
431530126
698
421186593
699
502781486
700
703550253
701
909850543
702
388803074
703
733327814
704
107734713
705
646478179
706
725138377
707
500474762
708
464415775
709
941727088
710
672032919
711
615935710
712
639806732
713
738110294
714
406011017
715
269400346
716
114760235
717
217871137
718
337745691
719
524305153
720
292423943
721
265122573
722
124666328
723
910300925
724
30449291
725
120306710
726
986894018
727
7277217
728
551836836
729
260596963
730
362575055
731
255387090
732
22963858
733
751378130
734
988714904
735
130698571
736
250372661
737
566369633
738
483689685
739
567304789
740
360613073
741
155722604
742
35756851
743
419805
744
746349250
745
441767868
746
122336503
747
861109485
748
659639006
749
460082195
750
385414639
751
952062949
752
577721120
753
510080967
754
714880226
755
460686763
756
630387677
757
554290596
758
467963981
759
34740865
760
814887560
761
830539036
762
290127955
763
690367770
764
434433518
765
131359211
766
821066342
767
537322532
768
550245196
769
157272379
770
104627321
771
910858270
772
312994984
773
140384172
774
763794427
775
59344234
776
582152040
777
738647283
778
772970072
779
94307398
780
51245830
781
10901063
782
46370347
783
628966950
784
520982030
785
761250573
786
89653714
787
3886059
788
168057522
789
410134047
790
38626924
791
982945082
792
93189435
793
181271232
794
525829204
795
527622954
796
312630443
797
199411898
798
64945486
799
862875640
800
356684278
801
22089159
802
626250262
803
669679262
804
14989683
805
242561041
806
581539848
807
597141723
808
981208324
809
207026272
810
691449122
811
32454154
812
217927335
813
590335821
814
513937457
815
738909365
816
204102747
817
603591171
818
595311776
819
372160269
820
13725218
821
633938701
822
207621703
823
106914653
824
815209933
825
733450907
826
487053959
827
980356728
828
932862806
829
404515797
830
695748720
831
289547084
832
279121308
833
174515334
834
811742698
835
294110991
836
417076376
837
245798898
838
891252715
839
250801052
840
452825171
841
435218189
842
135771559
843
670752506
844
25554010
845
649709016
846
262178224
847
82173109
848
105816539
849
857490000
850
454333378
851
972058109
852
343945053
853
661955081
854
931489114
855
11671338
856
395405989
857
271059426
858
992028067
859
180785147
860
675575223
861
687776787
862
470332231
863
954696532
864
862292122
865
134591281
866
101323875
867
131884850
868
380390179
869
992576590
870
235202254
871
833215350
872
280311131
873
370973813
874
503967857
875
158381494
876
873199181
877
766146081
878
240554603
879
979015720
880
476152433
881
694887982
882
803590181
883
820097487
884
209359415
885
735079296
886
831768825
887
604765404
888
6138722
889
823796892
890
785550551
891
534230297
892
364090032
893
108399134
894
341443181
895
78898506
896
242990415
897
442767057
898
63299708
899
623380595
900
287859999
901
298501962
902
309112297
903
420687483
904
669475776
905
813080154
906
579068977
907
395191309
908
431742587
909
672139932
910
226723382
911
907895021
912
219544266
913
30313563
914
580508860
915
428903682
916
617909211
917
412277685
918
33669086
919
476564285
920
88590930
921
671735990
922
10794583
923
305197314
924
632651476
925
204754116
926
384095820
927
875641892
928
500037525
929
447395528
930
351538839
931
787897525
932
745897490
933
660651136
934
61101360
935
267889618
936
326247643
937
640170337
938
663080928
939
610506582
940
164826621
941
889804310
942
370917955
943
384370888
944
772634225
945
951426815
946
813274570
947
390543437
948
216220853
949
699460008
950
867107722
951
304811783
952
223712350
953
730418657
954
610009097
955
856363827
956
787689126
957
846621269
958
584522071
959
287726651
960
146533149
961
936060910
962
928140528
963
892430639
964
449228398
965
989241888
966
12836610
967
627992393
968
481928577
969
528433890
970
238498976
971
646755199
972
270754552
973
609416931
974
31126087
975
43388777
976
413360099
977
844400657
978
286448566
979
629580952
980
396377017
981
6072641
982
934392735
983
620089368
984
736491298
985
396918184
986
476453195
987
376696776
988
96055805
989
60975266
990
664423428
991
242588954
992
849552528
993
445080308
994
135019593
995
151297278
996
434322197
997
372555
998
779289672
999
916250774
1000
528806445
1001
870305000
1002
415522325
1003
799560997
1004
332238283
1005
446648412
1006
695466127
1007
745598382
1008
143565421
1009
981914693
1010
375179334
1011
539942439
1012
987987334
1013
162088421
1014
12548159
1015
576994985
1016
411522957
1017
489001354
1018
953691761
1019
507578762
1020
402492972
1021
470631541
1022
750167716
1023
104561852
1024
915711850
1025
737703662
1026
108375482
1027
202550399
1028
738076217
1029
887665154
1030
118801173
1031
119399015
1032
610486506
1033
386839851
1034
771476364
1035
942724790
1036
833488263
1037
466942491
1038
688323172
1039
829570037
1040
301373537
1041
916018859
1042
222028828
1043
289360871
1044
78107280
1045
234576987
1046
866355856
1047
342146590
1048
723578341
1049
672563970
1050
849725352
1051
978587665
1052
143195511
1053
599893069
1054
83149517
1055
58907361
1056
190113083
1057
44041351
1058
113974112
1059
928189300
1060
931706506
1061
85291638
1062
900104667
1063
394709364
1064
472131489
1065
671581032
1066
337434154
1067
158136104
1068
991039875
1069
878273679
1070
987706141
1071
292413412
1072
794292538
1073
209734969
1074
434290636
1075
724916170
1076
444311956
1077
153162844
1078
67062760
1079
20406649
1080
825726814
1081
769304465
1082
998994314
1083
968922326
1084
221713886
1085
934660183
1086
880346039
1087
411826969
1088
978701535
1089
994320152
1090
192532621
1091
762924393
1092
79611790
1093
92637289
1094
10150109
1095
404259631
1096
616734673
1097
347584264
1098
562395735
1099
607774548
1100
78374295
1101
550101877
1102
752704313
1103
872666833
1104
612353198
1105
186994949
1106
450099355
1107
56665155
1108
340157793
1109
369678468
1110
929588156
1111
18400960
1112
138982933
1113
781098823
1114
987323286
1115
213213171
1116
568275358
1117
720185677
1118
625040140
1119
399493245
1120
567022181
1121
817572761
1122
14933990
1123
499150323
1124
910210050
1125
25084100
1126
903409954
1127
379461075
1128
372668364
1129
318322042
1130
987235624
1131
451042659
1132
868423919
1133
592456289
1134
176225844
1135
333293469
1136
779451238
1137
478841551
1138
242474976
1139
972125383
1140
848520019
1141
172063133
1142
990526343
1143
840019304
1144
953161956
1145
830365981
1146
53232475
1147
373953666
1148
403068011
1149
530788967
1150
773446912
1151
970090192
1152
348361729
1153
788380902
1154
321756868
1155
111088131
1156
813465002
1157
77683174
1158
490549207
1159
38649718
1160
396005216
1161
330301183
1162
489692377
1163
116945487
1164
922757472
1165
518434573
1166
450238957
1167
554725062
1168
997276125
1169
692713933
1170
379366797
1171
698312496
1172
717293418
1173
369893141
1174
390848153
1175
522971726
1176
52775474
1177
296596980
1178
896925393
1179
455843485
1180
827385948
1181
670372305
1182
278450030
1183
28264029
1184
311269559
1185
600206898
1186
139352160
1187
124734562
1188
530406424
1189
482417719
1190
163384280
1191
926411641
1192
812718902
1193
505593010
1194
895873480
1195
587992726
1196
24027583
1197
198628789
1198
995234140
1199
21303708
1200
891342723
1201
374600938
1202
572132557
1203
461152493
1204
597010431
1205
962980710
1206
984124220
1207
649785905
1208
259577690
1209
881049613
1210
105629391
1211
86963638
1212
403938270
1213
384079421
1214
115227667
1215
715207829
1216
836802671
1217
107096180
1218
692458743
1219
367209095
1220
589513899
1221
855843024
1222
146137088
1223
254749154
1224
213952386
1225
42010569
1226
695258232
1227
237979969
1228
93155710
1229
690492373
1230
111800030
1231
984498433
1232
917609663
1233
683932587
1234
298167279
1235
514620094
1236
499429649
1237
282291499
1238
16922351
1239
759007339
1240
15857464
1241
122551742
1242
698487330
1243
272312086
1244
359147515
1245
666231349
1246
987519915
1247
195950186
1248
625843881
1249
532495011
1250
415675634
1251
67874133
1252
240854387
1253
561812722
1254
322623287
1255
454806773
1256
456339643
1257
17881519
1258
692786742
1259
549495354
1260
560890244
1261
657103124
1262
386510139
1263
331016259
1264
193552063
1265
684677418
1266
845636353
1267
692981712
1268
819485269
1269
862558705
1270
304505404
1271
835342733
1272
837626799
1273
2992734
1274
107654819
1275
196774315
1276
521740435
1277
947691087
1278
245240853
1279
100669
1280
332702450
1281
660916487
1282
67974802
1283
573556837
1284
75245562
1285
390598089
1286
28363610
1287
531585205
1288
260995960
1289
573666704
1290
933596911
1291
674402557
1292
230769829
1293
172623403
1294
5418816
1295
424321892
1296
857300821
1297
703571522
1298
117303605
1299
529302443
1300
418646579
1301
274325361
1302
217161528
1303
256273378
1304
129834447
1305
177332700
1306
305564045
1307
651574882
1308
125023787
1309
550804899
1310
651675551
1311
310242589
1312
211721386
1313
719650353
1314
883799426
1315
286966948
1316
962764794
1317
912163036
1318
671068506
1319
76277107
1320
338346092
1321
604665417
1322
750679664
1323
569115921
1324
777288820
1325
756098480
1326
845954166
1327
487105994
1328
312186354
1329
815774123
1330
16408437
1331
730832933
1332
90099484
1333
86086317
1334
987106312
1335
219933931
1336
263419017
1337
145186709
1338
724025165
1339
240959156
1340
695991608
1341
228217069
1342
551201745
1343
907712995
1344
947867422
1345
435001171
1346
47196295
1347
763148569
1348
199680559
1349
718264801
1350
839425676
1351
538026652
1352
175446571
1353
590105340
1354
959658925
1355
805251743
1356
198720172
1357
805613091
1358
144874089
1359
510906527
1360
473903566
1361
13798878
1362
94255812
1363
564003050
1364
99885196
1365
81362124
1366
636453333
1367
363304213
1368
79065186
1369
360478499
1370
604263370
1371
775056794
1372
588695568
1373
155465115
1374
535286141
1375
389079342
1376
442982639
1377
582482437
1378
4744263
1379
642663198
1380
153263590
1381
844169939
1382
33206202
1383
181226513
1384
286791631
1385
992865128
1386
986478257
1387
485511804
1388
650994571
1389
131352346
1390
848934683
1391
124898138
1392
145151225
1393
943190495
1394
541417540
1395
245036421
1396
877068972
1397
30387226
1398
608340634
1399
956134158
1400
390865725
1401
65120356
1402
731190952
1403
832077645
1404
220585472
1405
118993446
1406
73673339
1407
663568111
1408
701475883
1409
78417603
1410
158747661
1411
707255825
1412
922587542
1413
44470216
1414
888482339
1415
209379174
1416
37335344
1417
874960596
1418
547407330
1419
540846267
1420
858829294
1421
396342013
1422
518260757
1423
3980519
1424
192048860
1425
912194650
1426
101533292
1427
69117832
1428
942581876
1429
562390279
1430
25251990
1431
185963953
1432
627510635
1433
608959295
1434
18041598
1435
848096107
1436
727952741
1437
91714937
1438
364180570
1439
281944976
1440
170132540
1441
375444584
1442
989200801
1443
92720083
1444
419914800
1445
730199492
1446
154615609
1447
309766496
1448
457676440
1449
702022939
1450
850612763
1451
316505735
1452
950881304
1453
221389873
1454
173002606
1455
142930164
1456
133584523
1457
127052251
1458
64564349
1459
928682751
1460
689442530
1461
89816339
1462
114646704
1463
316953165
1464
551291986
1465
132688302
1466
17565625
1467
131761079
1468
76919591
1469
234262547
1470
266222407
1471
99568484
1472
609707131
1473
107939561
1474
44804919
1475
29621931
1476
838139053
1477
199420528
1478
339388427
1479
295815494
1480
753959819
1481
42517543
1482
464837581
1483
704841123
1484
116423768
1485
637840187
1486
700287639
1487
102524643
1488
764892438
1489
764851988
1490
31207394
1491
306851320
1492
707184680
1493
145854098
1494
623804486
1495
110993018
1496
131058752
1497
493886463
1498
242754098
1499
60494695
1500
728149010
1501
508976505
1502
160063179
1503
337856142
1504
616916066
1505
204868098
1506
219994425
1507
307571472
1508
256804978
1509
559382853
1510
603386966
1511
10764797
1512
454416748
1513
68224547
1514
568122272
1515
570840516
1516
558581086
1517
268409912
1518
673365159
1519
175989877
1520
33261900
1521
704572553
1522
482841197
1523
592962932
1524
702943003
1525
959162035
1526
703955951
1527
686518107
1528
453048498
1529
946710049
1530
599529154
1531
33713861
1532
308202906
1533
759592334
1534
371570003
1535
777635325
1536
816976784
1537
591564428
1538
85206797
1539
73781763
1540
3463633
1541
541110115
1542
84546560
1543
457880381
1544
461851014
1545
505185185
1546
28720897
1547
20432100
1548
773595097
1549
554602408
1550
48938329
1551
659373349
1552
111691313
1553
384295879
1554
104852634
1555
814634316
1556
343457914
1557
808808585
1558
353668775
1559
649022765
1560
608034986
1561
953197930
1562
682736626
1563
916237892
1564
565306616
1565
54306629
1566
546389569
1567
234799752
1568
498387409
1569
631596366
1570
308581515
1571
354367395
1572
25222833
1573
245644428
1574
812247776
1575
487073847
1576
750829613
1577
693485026
1578
360022300
1579
376941062
1580
100603786
1581
408960629
1582
888830763
1583
212295100
1584
793256508
1585
993683397
1586
26929416
1587
989230775
1588
802491982
1589
233114544
1590
638253540
1591
263043320
1592
38828826
1593
173506518
1594
31797565
1595
456651794
1596
80329499
1597
578187134
1598
691451546
1599
578716908
1600
62299853
1601
33062
1602
933084303
1603
87522686
1604
98193842
1605
597848432
1606
574596534
1607
701539807
1608
143849810
1609
934618834
1610
78480869
1611
244453596
1612
196095815
1613
819827984
1614
456748696
1615
989352324
1616
813511382
1617
336194465
1618
831099451
1619
468519716
1620
421825361
1621
321869343
1622
731563037
1623
460654187
1624
495375861
1625
763360602
1626
917305981
1627
575705360
1628
194064088
1629
461273879
1630
6938620
1631
256363941
1632
313823293
1633
940022924
1634
343886628
1635
412017135
1636
390387708
1637
918483162
1638
113556942
1639
386753870
1640
853101996
1641
44554163
1642
631207466
1643
49197811
1644
716898500
1645
940472515
1646
891066487
1647
382926234
1648
129183332
1649
574682290
1650
851445950
1651
551008693
1652
896551633
1653
435525339
1654
11662880
1655
391927494
1656
51402293
1657
781485213
1658
967632854
1659
245466382
1660
95275444
1661
974571475
1662
501830323
1663
409098738
1664
767110751
1665
845716951
1666
821115873
1667
10014811
1668
616716465
1669
787189168
1670
396768681
1671
322334813
1672
684259683
1673
880492499
1674
224048977
1675
253674535
1676
820965014
1677
115115464
1678
636600769
1679
950148346
1680
542314107
1681
340563072
1682
353673391
1683
438865740
1684
776088411
1685
217852623
1686
683309587
1687
680007057
1688
999337836
1689
503458793
1690
925473439
1691
94613281
1692
330546620
1693
279820114
1694
356228371
1695
97657371
1696
978053418
1697
29860596
1698
960188534
1699
594769883
1700
817049764
1701
209473567
1702
917104697
1703
353825800
1704
89966067
1705
141153674
1706
607500335
1707
763447433
1708
108785490
1709
96617457
1710
566112132
1711
503615949
1712
437180529
1713
919785523
1714
942481690
1715
65785292
1716
137638147
1717
478307629
1718
745792349
1719
989492335
1720
981766422
1721
523782140
1722
936621968
1723
312313043
1724
803602255
1725
292850339
1726
262486766
1727
634172025
1728
322710936
1729
75191653
1730
81458260
1731
992277052
1732
284665220
1733
998562957
1734
198619204
1735
374631287
1736
992232983
1737
806119540
1738
138078721
1739
953534826
1740
902736997
1741
556707205
1742
309667127
1743
192433878
1744
476492728
1745
104665169
1746
258219170
1747
466647227
1748
582972798
1749
4011520
1750
456139563
1751
564739221
1752
527793660
1753
245277883
1754
729568616
1755
183912267
1756
538128223
1757
992055382
1758
818084292
1759
713355511
1760
67247035
1761
899542553
1762
705632563
1763
204428608
1764
750621862
1765
904251768
1766
579059895
1767
595371198
1768
562887660
1769
569654968
1770
401422376
1771
318141009
1772
126362173
1773
711089503
1774
510574887
1775
455371254
1776
815754673
1777
768794057
1778
922018481
1779
251243823
1780
625321929
1781
230674396
1782
815983044
1783
5631942
1784
475952280
1785
398068012
1786
189544209
1787
866596855
1788
242639747
1789
860144854
1790
579952366
1791
162403134
1792
612203759
1793
138101281
1794
366831742
1795
215341973
1796
894869401
1797
945891638
1798
810713171
1799
310273413
1800
368062958
1801
64651899
1802
628414422
1803
346941484
1804
628257755
1805
991505661
1806
654829090
1807
296528780
1808
612816071
1809
429363923
1810
547772603
1811
238138000
1812
660038320
1813
216272000
1814
243769942
1815
988506952
1816
614340012
1817
285830504
1818
855103807
1819
856979759
1820
145975358
1821
287572525
1822
19382894
1823
758179117
1824
278190158
1825
386214636
1826
973521090
1827
173059560
1828
184622626
1829
636750614
1830
483332973
1831
405201937
1832
553918865
1833
964263748
1834
752143421
1835
182176620
1836
955769409
1837
259488863
1838
478705400
1839
421101832
1840
688852786
1841
26478004
1842
659239833
1843
201407458
1844
95266356
1845
755526127
1846
189914410
1847
709606368
1848
41356631
1849
897534569
1850
566586128
1851
39848341
1852
37623446
1853
438485374
1854
798027458
1855
315813605
1856
824700010
1857
624064901
1858
488873165
1859
861838989
1860
113331867
1861
824722490
1862
267040926
1863
667250732
1864
788986238
1865
871700699
1866
701943705
1867
597272000
1868
131189562
1869
33165457
1870
18373832
1871
820042348
1872
59643461
1873
530130017
1874
21449807
1875
7426169
1876
138172497
1877
63880569
1878
717032538
1879
179529128
1880
961415139
1881
136135018
1882
219377470
1883
999038585
1884
574620392
1885
869921280
1886
167368542
1887
251836754
1888
346502533
1889
656241707
1890
113675743
1891
459834400
1892
333480550
1893
233233021
1894
979601485
1895
122466788
1896
104933720
1897
681545190
1898
572255140
1899
88639634
1900
714710647
1901
443145325
1902
908681983
1903
626870461
1904
825791694
1905
782648142
1906
634296630
1907
963964191
1908
699045063
1909
203845520
1910
143493320
1911
512976554
1912
339980538
1913
215387142
1914
364531492
1915
914600930
1916
85308422
1917
531900034
1918
166437685
1919
284327308
1920
40658094
1921
132629780
1922
744161708
1923
374138644
1924
365862802
1925
576279545
1926
349121784
1927
470796522
1928
110341087
1929
921376925
1930
559436157
1931
825051735
1932
217038602
1933
320634492
1934
304438548
1935
42830296
1936
955798986
1937
791251530
1938
859310840
1939
654844049
1940
995097051
1941
855320512
1942
20336956
1943
335077589
1944
70707654
1945
384868448
1946
102194872
1947
8532428
1948
916768482
1949
268632557
1950
145376088
1951
957426576
1952
401262337
1953
889537797
1954
331565220
1955
767125139
1956
318333694
1957
680687005
1958
90438014
1959
428674782
1960
454580282
1961
502390523
1962
106242869
1963
524135236
1964
823025015
1965
410681417
1966
419481884
1967
631340353
1968
54449299
1969
278792724
1970
138700754
1971
49546350
1972
134113236
1973
159037710
1974
237140292
1975
57337242
1976
543906158
1977
339335164
1978
918386023
1979
460674641
1980
607967721
1981
63762111
1982
270617569
1983
861746410
1984
805816260
1985
602182790
1986
481387902
1987
124149955
1988
135386147
1989
571825916
1990
405341089
1991
442482781
1992
74216439
1993
511583958
1994
966618017
1995
749757806
1996
922265375
1997
386099901
1998
233614511
1999
976714674
2000
517408978
2001
372315265
2002
878777377
2003
504038566
2004
531352976
2005
115917669
2006
413892161
2007
75259134
2008
455252833
2009
