30
47 18 76 75 83 74 19 60 76 5 7 11 84 23 78 7 64 73 15 71 6 41 60 92 51 60 60 27 42 95
15
65 57 29 18 30 29 43 3 77 50 49 81 82 40 82
50
31 93 88 26 83 67 60 28 97 21 6 68 23 85 64 50 65 92 13 49 3 22 55 42 72 94 45 60 13 93 62 25 52 73 15 74 28 10 4 85 15 17 18 89 46 58 86 49 18 18
50
53 91 87 67 75 13 25 44 74 36 6 9 27 39 50 24 59 19 97 74 23 54 19 4 79 73 39 34 99 31 84 59 7 31 76 71 17 84 9 89 81 92 63 17 2 21 74 53 4 42
16
67 75 13 25 33 74 36 6 12 27 39 50 24 59 19 97
37
53 31 52 4 90 55 85 22 95 66 13 95 76 81 28 95 66 13 81 98 53 80 30 40 66 77 96 33 55 50 91 77 65 91 53 27 37
21
52 45 25 67 26 70 40 45 33 40 67 57 2 86 44 55 46 67 86 67 9
29
85 66 75 80 54 50 5 22 66 56 48 72 3 83 60 27 62 16 88 5 93 18 15 63 77 23 21 46 42
0
